103.1218
10 1102.96148
20 1103.10785
30 1103.14394
40 1102.96123
50 1102.95296
60 1103.04284
70 1103.21695
80 1102.94283
90 1103.02422
100 1102.98831
110 1102.46674
120 1102.50637
130 1102.39341
140 1102.24261
150 1102.39158
160 1102.52939
170 1102.41882
180 1102.36589
190 1102.17646
200 1102.30688
210 1102.35321
220 1102.41824
230 1102.4857
240 1102.23475
250 1102.28379
260 1102.33519
270 1102.24025
280 1102.75434
290 1102.36
300 1102.40758
310 1102.17999
320 1102.1379
330 1102.25396
340 1102.54723
350 1102.13341
360 1102.20149
370 1102.34436
380 1102.37436
390 1102.05588
400 1102.00254
410 1102.17469
420 1102.22376
430 1102.12299
440 1102.20292
450 1102.0936
460 1102.03616
470 1102.12526
480 1102.10507
490 1102.07481
500 1102.12167
510 1102.03216
520 1102.09799
530 1102.10848
540 1102.07073
550 1102.08885
560 1102.02694
570 1102.04319
580 1102.06459
590 1102.06863
600 1